[Conveyor1]
enableSts = 0
conveyorType = 0        ;传送带类型：0直线;1圆弧
VisionIP = 192.168.6.230
VisionPort = 5500
coordName =
coordScope = 1	        ;动坐标系名所属的域

direction = 0   		;方向
equivalent = 4.346811	;当量

left = -10.000000		;左边界
latestPos = 150.000000	;最晚启动位置
syncPos = 200.000000	;最晚同步位置
right = 280.000000		;右边界

compensation = 0.0000000  ;x方向补偿量
yCompensation = 0.0000000 ;y方向补偿量
accuracy = 1.000000		;跟随精度

speed = 1.000000		;跟随速度
acceleration = 0.800000	;加速度
deceleration = 0.800000
jerk = 0.500000		;加加速度

trigType = 2
triggleTime = 1000	;相机触发时间(ms)
trigInput = 11
trigInputLevel = 0
trigOutput = 11
trigOutputLevel = 0

enableFilter = 0
filterData1 = 0.0000000
filterData2 = 0.0000000
filterData3 = 0.0000000
filterData4 = 0.0000000
signalCheckoutType      = 0
checkoutTime            = 0
checkoutPos             = 0.0000000
aCompensation           = 10.000000

[Conveyor2]
enableSts = 0
conveyorType = 0  ;传送带类型：0直线;1圆弧
VisionIP = 192.168.6.231
VisionPort = 5500
coordName =
coordScope = 1		;动坐标系名所属的域

direction = 0   		;方向
equivalent = 4.346811	;当量

left = -10.000000		;左边界
latestPos = 150.000000	;最晚启动位置
syncPos = 200.000000	;最晚同步位置
right = 280.000000		;右边界

compensation = 0.0000000  ;x方向补偿量
yCompensation = 0.0000000 ;y方向补偿量
accuracy = 1.000000		;跟随精度

speed = 1.000000		;跟随速度
acceleration = 0.800000	;加速度
deceleration = 0.800000
jerk = 0.500000		;加加速度

trigType = 2
triggleTime = 1000	;相机触发时间(ms)
trigInput = 12
trigInputLevel = 0
trigOutput = 12
trigOutputLevel = 0

enableFilter = 0
filterData1 = 0.0000000
filterData2 = 0.0000000
filterData3 = 0.0000000
filterData4 = 0.0000000
